98.3607
94.1423
93.9636
94.0439
94.3936
94.5017
102.201
103.093
102.309
102.623
102.201
102.623
102.857
101.775
93.8567
93.8478
94.0707
94.2408
94.0707
94.1423
93.75
93.75
93.4579
93.5374
93.361
93.1151
92.8793
92.8009
92.4888
92.0759
92.2819
92.0759
91.8708
91.7431
91.6667
91.7431
91.8708
92.0245
91.4634
91.7431
91.5649
91.5649
91.5649
91.4634
94.5017
91.5649
91.2611
91.2611
91.1602
90.7591
90.7591
90.2626
90.1639
90.1639
89.8693
89.9673
90.1639
90.0655
90.6593
90.2626
90.4605
90.4605
90.5598
90.4605
90.5598
90.3615
90.6593
91.0596
91.0931
91.1602
91.3706
91.3621
91.1854
91.4634
90.9592
91.0596
91.0596
90.9592
91.1602
91.1602
91.1602
91.3621
91.5649
91.5649
91.9732
98.9011
96.3785
99.8975
101.476
93.5551
96.266
89.4794
88.6144
79.1975
84.6501
70.922
80.1282
79.5334
85.034
86.1169
95.9302
101.351
108.575
103.945
100.309
101.695
100.206
100.559
99.5914
102.416
108.817
108.696
108.093
108.575
108.333
108.333
100.223
92.2131
91.6667
91.4634
91.0596
91.0931
91.3621
91.1854
91.0596
91.4634
91.1602
91.0596
91.1602
90.859
90.859
91.0596
90.7591
90.5598
91.0596
90.5598
90.6593
90.859
90.6593
91.0596
91.0596
91.0596
91.3621
91.5649
91.4634
91.8708
91.8367
92.1788
92.1187
91.8708
91.9305
91.8708
91.6667
91.8708
91.4634
91.5649
91.4634
91.3621
91.1602
91.3621
90.9592
91.0596
91.1602
91.0596
91.2611
91.3621
91.2611
91.3706
91.3621
91.0931
91.3621
91.1854
91.0596
91.2611
91.2611
91.5649
91.8708
91.6667
91.5649
91.6667
91.5649
91.4634
91.5649
90.859
90.9592
91.0596
90.9592
91.1602
91.2611
91.0596
92.7835
92.1788
91.7431
91.8708
91.5565
91.3621
91.3706
91.0596
90.2626
90.5598
90.2626
90.4605
90.2626
90.2626
90.5598
90.4605
90.4605
90.7591
90.6593
90.7591
90.9592
90.9592
91.1602
91.1602
90.9592
91.0596
91.3621
91.1602
91.2611
91.2611
90.9592
90.859
90.859
90.5598
90.6593
90.5433
90.4605
90.859
90.7591
90.7591
90.859
90.7591
90.859
91.0596
91.0596
91.1602
91.1602
91.0596
91.1602
91.2611
91.1602
91.4634
91.2611
91.2611
91.2611
91.3621
91.0596
91.3621
91.2611
91.2611
91.3706
91.3621
91.1854
91.5649
91.3706
91.3621
91.4634
91.5649
91.3621
91.5649
91.2611
91.2611
91.4634
91.3621
91.1602
91.3621
90.9592
90.9592
91.4634
91.4634
91.3621
91.5565
91.4634
91.4634
91.7686
91.4634
91.2611
91.3706
91.1602
91.3621
91.2611
91.2611
91.2611
91.4634
91.1602
91.4634
91.3621
91.0596
91.2611
91.2611
91.0596
91.3621
91.2611
91.1602
91.4634
91.2611
91.4634
91.4634
91.6497
91.2611
91.4634
91.1602
91.3621
91.2611
91.1602
90.2626
91.1602
90.859
91.1602
91.1602
91.0596
91.2611
91.1602
91.2611
91.5649
91.5649
91.5649
91.7431
91.6667
91.5565
92.5926
91.4634
91.4634
91.2779
90.9592
90.9592
91.1602
90.1639
91.7686
90.9592
91.1602
93.3258
91.9732
91.4634
91.5649
90.6593
91.1602
91.7686
91.4634
90.6593
91.3621
90.859
90.7591
90.859
90.9091
90.9592
91.001
91.0596
91.2611
91.4634
91.6667
91.5649
91.7686
91.6667
91.3621
91.3621
91.3621
90.9592
91.1602
90.9592
91.1602
91.4634
91.2611
91.2611
91.4634
91.2611
91.2611
91.3706
90.7591
91.0931
91.1602
91.2779
91.2611
91.3621
91.1602
91.4634
91.3621
91.1602
91.1602
90.9592
90.6593
90.6593
90.5598
89.9673
89.9673
89.3824
89.3824
89.4794
89.3824
89.3824
89.4794
89.3824
89.4794
89.7715
89.6739
90.0655
90.0655
90.0655
90.4605
90.4605
90.3615
90.5598
90.5598
90.4605
90.5598
90.3615
90.4605
91.9732
94.7187
91.4634
91.7686
91.4634
91.5649
91.7686
91.3621
87.6727
90.799
90.6593
91.001
91.0596
90.9091
91.1602
91.0931
91.1602
90.7591
90.5598
90.4605
90.3615
90.1639
90.3615
89.8693
90.0655
90.0655
89.9673
90.2626
90.2626
90.1639
90.2626
90.3615
90.2626
90.7591
90.7591
90.7591
90.859
90.859
90.7591
90.9592
90.859
90.7591
90.9592
90.6593
90.7591
90.9592
90.859
91.1602
91.1602
91.0596
91.2611
91.2611
91.0596
91.0596
90.6344
90.5598
90.6344
90.4605
90.4605
90.5598
90.1639
90.2626
90.2626
90.1639
90.1639
90.0655
