-22
-24
-23.5
-24.5
-25
-24
-24
-24.5
-22.5
-19.5
-17
-13.5
-8.5
-3.5
2.5
7
11.5
15
19
21.5
23
24.5
26
25.5
24.5
21
20
18
15.5
12.5
8.5
4.5
0.5
-0.5
-4.5
-7.5
-10
-12
-12.5
-13
-14
-13.5
-12.5
-11.5
-9.5
-8
-7.5
-5.5
-2.5
-2
-2
-1
-1
0
-0.5
-1.5
-2.5
-3.5
-5.5
-7.5
-8
-10
-11
-12.5
-13
-13
-14.5
-15
-16
-17.5
-18
-19.5
-19.5
-20
-19.5
-17.5
-18
-17.5
-13.5
-12.5
-9
-5.5
-1
3.5
7
12
14.5
18.5
21.5
23.5
23
23.5
22.5
22.5
19
17.5
13.5
10.5
6
1
-4
-9
-14
-18
-21.5
-24
-27.5
-29
-31
-33.5
-36
-33.5
-35.5
-35.5
-35.5
-36
-34
-33.5
-31.5
-31.5
-31
-29.5
-27
-25
-22.5
-21.5
-20.5
-18.5
-17.5
-17
-15
-15.5
-15
-14
-15
-15.5
-13.5
-13.5
-12.5
-12.5
-12
-12.5
-14
-12
-11.5
-10
-7.5
-6
-3.5
-2
3
7
11
14.5
18
20.5
23.5
23.5
25
25.5
24
22
20.5
16.5
13
8.5
4.5
0
-5
-11
-16
-20
-23.5
-28
-31.5
-34.5
-37
-39.5
-39.5
-42
-42
-42
-41.5
-41
-40.5
-39
-38.5
-36.5
-36.5
-34.5
-34
-32
-32.5
-30
-30
-29
-30
-30
-29
-28
-28.5
-27.5
-28
-26
-27.5
-25
-25.5
-25
-24
-24
-23
-23.5
-23
-22
-21
-20
-15.5
-12.5
-7.5
-3.5
-1
6
10
14.5
21
23.5
26.5
31
34
35.5
36
36.5
35.5
35
33.5
30.5
27.5
25
20.5
15
11.5
8
4.5
1.5
-3
-3.5
-5.5
-7
-6.5
-8
-6.5
-6
-5.5
-4
-3.5
-3.5
-2
-1.5
1
2
3
3.5
4
4.5
5.5
4.5
3.5
2.5
0.5
0
-3
-2.5
-3.5
-4
-4.5
-5.5
-5.5
-6
-7
-7.5
-7
-8
-7
-6.5
-5
-3
-0.5
3
6.5
10.5
14.5
19
22.5
26
29
30.5
32
33.5
33.5
33
30.5
29
26.5
22.5
19
15
10.5
7.5
3.5
-1.5
-5
-7.5
-11.5
-12
-15
-17
-18
-18.5
-18.5
-19
-18.5
-17.5
-16.5
-15.5
-15.5
-14
-11.5
-11.5
-9.5
-8.5
-8
-6
-6.5
-5
-6.5
-7
-7.5
-7
-7
-8
-8.5
-8.5
-10
-10
-11
-12
-12
-14
-13.5
-14
-16
-16.5
-15.5
-15
-15
-15
-13
-11.5
-9
-6
-4
-0.5
4
7.5
10
14.5
17.5
20
22
21.5
22
21
20
18.5
16
14
11
8.5
6
3
0.5
-2
-6.5
-7.5
-11
-12.5
-14.5
-19
-17.5
-18.5
-18.5
-18.5
-19.5
-18.5
-17.5
-17.5
-15.5
-14
-13.5
-11
-10.5
-10
-8
-7
-6.5
-5.5
-5
-5
-4.5
-3.5
-5
-4.5
-5.5
-6.5
-8
-9
-9
-10.5
-10.5
-12.5
-11.5
-11.5
-12.5
-12.5
-10
-9
-4.5
-2.5
0.5
4.5
7
11.5
15.5
19
21.5
24
26
27.5
28.5
27.5
26.5
25
22
20.5
17
14
11
7.5
4
0.5
-2.5
-7
-10
-13
-16
-17.5
-18.5
-20.5
-20
-21.5
-20
-19.5
-18.5
-18
-16
-15
-14.5
-14
-12
-11
-9.5
-9
-8
-7.5
-7
-6
-7
-7
-7.5
-8.5
-10.5
-10.5
-12.5
-13.5
-14
-17
-18
-19
-19
-19.5
-20
-20
-17
-15.5
-13
-11
-5.5
-1
2.5
8
11.5
16.5
20.5
24
26.5
27.5
27.5
27.5
27
25.5
22
20.5
16.5
12.5
11
6
2
-2
-5
-9.5
-12.5
-15.5
-17.5
-20
-20.5
-21.5
-21.5
-21.5
-21
-19.5
-19.5
-18
-16
-14.5
-12.5
-13.5
-13
-13
-11.5
-11
-11.5
-12
-12.5
-12
-13.5
-13
-13
-13
-14
-13.5
-13
-14
-13
-13.5
-14
-13
-14
-13.5
-14
-13
-11.5
-10.5
-10
-8.5
-6
-3
1.5
4.5
7.5
12
16.5
18.5
21.5
21.5
22.5
24
23.5
23
22.5
18.5
16.5
13
10.5
6
1.5
-3.5
-8.5
-11.5
-16
-19
-21
-23.5
-24.5
-24
-24
-23
-21.5
-18.5
-16.5
-12.5
-9.5
-5
-1
1.5
4
5
6.5
6.5
4.5
4
1
-1
-4.5
-7
-10.5
-13.5
-16
-19
-21.5
-23.5
-25.5
-26.5
-26
-26.5
-27.5
-27.5
-26
-25
-23
-20.5
-17
-12.5
-8.5
-3
1.5
8
13.5
19.5
23.5
28
31
34
33.5
34.5
33
31.5
28.5
24
20.5
16.5
11.5
6.5
2
-2.5
-7
-12
-16
-19
-21
-22.5
-24
-26.5
-25
-25
-23
-22
-20.5
-18
-16
-14
-12
-11.5
-10
-8.5
-6.5
-5.5
-6
-6.5
-5
-5.5
-5
-7.5
-8
-9
-11
-12.5
-14.5
-16.5
-18.5
-19.5
-21
-22
-22.5
-23.5
-23
-22
-19
-18
-15
-11.5
-6.5
-3
0.5
4.5
8.5
12
14
17
18.5
19.5
19.5
18.5
16.5
14.5
12
8.5
3.5
1
-2.5
-6
-11
-13.5
-16
-18.5
-21
-22.5
-23.5
-23.5
-23.5
-23.5
-23.5
-23.5
-22
-22
-20
-18
-16
-15
-13
-11
-12
-10.5
-9.5
-9.5
-7
-6.5
-6
-5.5
-5.5
-5
-4.5
-4
-3.5
-4
-5
-5.5
-5.5
-4.5
-6.5
-6
-6.5
-5
-5.5
-4
-2.5
-1
3
4.5
7.5
10.5
15
18
22.5
24
26
29.5
30.5
29.5
29.5
29.5
28.5
26.5
22.5
19.5
17.5
13.5
8.5
4
0
-4
-8.5
-11
-14.5
-16.5
-17.5
-17.5
-18.5
-19.5
-18
-16.5
-15
-14
-13
-10.5
-8.5
-8
-5.5
-7
-6
-4
-3
-4
-6
-6
-6
-6.5
-7.5
-7.5
-8.5
-8.5
-9.5
-10
-10.5
-11.5
-12
-15
-14
-14
-13.5
-13
-12.5
-13.5
-10.5
-9.5
-6
-3.5
-1
3
6.5
11
14.5
17.5
20
23
25
25.5
25
25
22
21
18.5
16
13.5
10
7.5
4
1
-2.5
-4
-7
-8.5
-10.5
-11.5
-12
-12.5
-13
-13
-12
-11
-8
-8.5
-7.5
-5
-3.5
-1
-0.5
0
1
1.5
1.5
0.5
0.5
0
-0.5
-0.5
-3
-2.5
-4.5
-6
-7.5
-8.5
-10
-11
-12
-13.5
-14
-15
-15.5
-15
-12.5
-10
-7.5
-4
-1
3
5.5
9.5
11
14.5
17.5
19.5
20
20.5
20
20
19.5
17
15.5
11.5
10.5
6.5
2.5
-0.5
-5
-5.5
-8
-11.5
-12
-14
-15
-17
-18.5
-17.5
-19
-17.5
-16.5
-16.5
-14.5
-15
-12
-10.5
-9.5
-9
-8
-7
-7.5
-7
-5.5
-6.5
-5
-5.5
-5.5
-5.5
-6.5
-9
-9
-10.5
-11
-12
-13
-13.5
-15.5
-15.5
-16.5
-17
-16.5
-15
-13
-11.5
-7.5
-3.5
0
3.5
7.5
10.5
14.5
17.5
18
19.5
22
22
20.5
20
18
17.5
14.5
12
10
5
2.5
-1
-5
-7.5
-10.5
-11.5
-15
-17
-18.5
-20
-20
