90.1639
94.2408
95.7447
94.0439
95.037
94.5017
94.2408
94.5017
94.4386
93.9636
94.3396
94.9367
94.1781
94.0439
93.8567
93.8478
94.0707
94.1423
95.2381
93.9636
93.9457
93.8567
93.4579
93.6436
93.361
93.2203
92.6966
94.3396
92.3852
93.4579
92.1788
92.7835
91.7686
92.2131
91.6667
91.8367
91.8708
92.1187
91.5649
91.6667
91.5649
91.5649
91.4634
91.3621
94.5017
91.4634
93.1677
91.2611
92.7835
90.859
90.7591
90.2626
90.1639
90.0655
91.7431
89.9673
90.0655
89.9673
91.8367
90.3615
91.9305
90.5598
91.7431
90.4605
91.7431
90.3615
91.4634
91.1602
91.3706
91.0596
91.3706
91.4634
91.3621
91.4634
90.9592
91.1602
91.1602
90.9592
91.1602
91.0596
91.1602
91.4634
91.5649
93.0714
91.9732
92.9752
92.9752
92.9752
92.9752
92.9752
92.9752
92.9752
92.9752
92.9752
92.9752
92.9752
92.9752
92.9752
92.9752
92.9752
93.9636
92.8009
96.7175
95.9488
92.5926
93.2203
92.5926
92.1788
91.9118
91.9118
92.0759
94.0439
91.5649
93.2643
91.5649
92.7835
91.9732
92.3077
91.6667
91.9305
91.1602
91.4634
91.2611
91.1854
91.1602
91.4634
91.1602
90.9592
91.2611
90.9592
90.9592
91.0596
90.7591
90.6593
90.9592
90.5598
90.7591
90.7591
90.7591
91.0596
92.8793
91.0596
92.5926
91.5649
92.2131
91.8708
92.0245
92.2819
92.2131
91.8708
91.8708
91.8708
91.6667
91.8708
91.3621
93.6525
91.4634
93.1677
91.1602
92.8793
90.9592
92.4025
91.0596
92.0245
91.3621
91.8367
91.2611
91.6497
91.3621
91.1854
91.3621
91.0596
91.0596
91.2611
91.2611
91.6667
91.8708
91.5649
91.6667
91.6667
93.361
91.4634
93.0714
90.859
92.3077
91.0596
92.0245
91.2611
91.8367
90.9592
92.7835
92.2819
91.7431
91.9732
91.3621
91.2611
91.3621
91.0596
90.2626
90.5598
90.1639
90.3615
90.3615
90.1639
90.5598
90.4605
90.4605
90.6593
90.7591
90.859
91.0596
92.8793
91.1602
92.6879
91.0596
92.3077
91.2611
92.0245
91.2611
91.8367
90.9592
91.4634
90.859
91.1602
90.6593
90.7591
90.4605
90.7591
90.6593
90.6593
90.9592
90.6593
90.859
91.0596
91.1602
91.1602
91.1602
91.0596
91.2611
91.3621
91.1602
91.3621
92.9752
91.2611
92.6879
91.2611
92.2131
91.3621
92.0245
91.2611
91.6497
91.3621
91.1854
91.4634
91.2611
91.3621
91.4634
91.5649
91.2611
91.5649
91.3621
91.3621
91.4634
93.2643
91.1602
92.9752
91.0596
92.4974
91.4634
92.3077
91.2611
91.9305
91.4634
91.5565
91.6667
91.5565
91.2611
91.4634
91.1602
91.3621
91.2611
91.2611
91.2611
91.4634
91.1602
91.3621
93.1677
91.1602
92.7835
91.2611
92.3077
91.2611
92.1187
91.1602
91.9305
91.3621
91.5565
91.5649
91.5565
91.3621
91.4634
91.1602
91.2611
91.2611
91.1602
90.1639
91.1602
90.859
91.1602
93.2643
91.1602
92.8793
91.1602
92.5926
91.5649
92.4974
91.6667
92.0245
91.6667
91.6497
92.5926
91.4634
91.3621
91.2611
90.9592
90.9592
91.1602
90.1639
93.5551
90.9592
91.1602
93.4315
91.9732
91.3621
92.8793
90.6593
92.3077
91.6667
92.4025
90.7591
91.8367
90.7591
91.2779
90.859
90.9592
90.9592
90.9592
91.0596
91.3621
91.5649
91.7686
91.5649
91.7686
93.9457
91.3621
91.4634
91.2611
92.8793
91.1602
92.4974
91.1602
92.2131
91.2611
91.9305
91.3621
91.7431
91.2611
91.5565
90.7591
91.1602
91.1602
91.1602
91.2611
91.3621
91.1602
91.4634
91.3621
91.0596
91.2611
90.9592
90.5598
90.6593
90.4605
89.8693
89.9673
89.3824
89.4794
89.5765
89.4794
89.4794
89.5765
89.2857
89.4794
89.6739
89.5765
90.0655
90.0655
90.0655
90.4605
90.3615
90.3615
90.6593
90.4605
90.3615
90.6593
90.3615
92.9752
91.8708
92.6879
91.4634
92.6879
91.4634
92.4974
91.6667
92.2131
87.766
91.4634
90.7591
91.1602
91.0596
91.1602
91.0596
90.9592
91.1602
90.7591
90.5598
90.5598
90.2626
90.2626
90.3615
89.9673
89.9673
90.0655
89.8693
90.3615
90.2626
90.1639
90.2626
90.3615
90.2626
90.7591
90.7591
90.6593
90.859
90.859
93.0714
90.9592
92.9752
90.7591
92.6879
90.6593
92.4025
90.859
92.1187
91.1602
91.9305
91.1602
91.8367
91.2611
91.4634
91.0596
91.0596
90.5598
90.859
90.4605
90.6593
90.5598
90.2626
90.2626
90.3615
90.1639
90.3615
90.1639
