83.9552
83.9552
83.9552
83.9552
83.9552
83.9552
83.3333
83.3333
88.2353
88.2353
88.2353
88.2353
88.2353
88.2353
88.2353
88.2353
88.2353
88.8626
89.0736
89.0736
92.3393
86.7052
85.7143
85.7143
85.7143
85.7143
85.7143
73.3496
77.6398
82.4176
82.9238
84.7023
85.034
86.2069
85.7687
84.3644
84.3644
nan
92.2671
92.2671
92.2671
92.2671
92.2671
92.2671
92.2671
92.2671
95.4198
95.4198
95.4198
95.4198
95.8807
97.1503
96.7742
100.206
104.167
104.167
104.167
104.167
104.167
104.167
104.167
104.167
104.167
104.167
104.167
104.167
104.167
104.167
104.167
104.167
104.167
104.167
104.167
104.167
104.167
104.167
104.167
104.167
104.167
104.167
104.167
104.167
104.167
104.167
104.167
100
100
100
100
100
100
100
