86.0596
86.0596
89.7217
91.5527
93.3838
91.5527
91.5527
91.5527
89.7217
89.7217
91.5527
91.5527
91.5527
91.5527
89.7217
91.5527
91.5527
91.5527
93.3838
95.2148
95.2148
97.0459
97.0459
97.0459
98.877
98.877
98.877
98.877
100.708
98.877
97.0459
95.2148
93.3838
91.5527
91.5527
89.7217
91.5527
93.3838
93.3838
93.3838
93.3838
93.3838
93.3838
93.3838
93.3838
93.3838
95.2148
97.0459
97.0459
97.0459
98.877
98.877
100.708
102.539
102.539
102.539
100.708
100.708
100.708
98.877
98.877
98.877
98.877
98.877
98.877
97.0459
97.0459
98.877
98.877
98.877
100.708
100.708
102.539
102.539
98.877
95.2148
