86.0596
84.2285
84.2285
86.0596
86.0596
86.0596
86.0596
86.0596
86.0596
86.0596
86.0596
86.0596
86.0596
86.0596
87.8906
87.8906
89.7217
89.7217
89.7217
87.8906
87.8906
87.8906
89.7217
89.7217
91.5527
91.5527
91.5527
91.5527
91.5527
91.5527
91.5527
91.5527
93.3838
93.3838
93.3838
93.3838
93.3838
93.3838
93.3838
93.3838
93.3838
93.3838
93.3838
93.3838
93.3838
93.3838
95.2148
95.2148
97.0459
97.0459
97.0459
97.0459
97.0459
97.0459
97.0459
95.2148
95.2148
93.3838
93.3838
93.3838
93.3838
93.3838
95.2148
95.2148
95.2148
95.2148
95.2148
95.2148
95.2148
95.2148
93.3838
93.3838
95.2148
95.2148
95.2148
95.2148
97.0459
97.0459
98.877
97.0459
97.0459
95.2148
95.2148
93.3838
95.2148
97.0459
97.0459
97.0459
97.0459
95.2148
93.3838
91.5527
91.5527
91.5527
91.5527
91.5527
91.5527
93.3838
93.3838
