93.3838
93.3838
93.3838
95.2148
95.2148
95.2148
95.2148
95.2148
95.2148
93.3838
93.3838
93.3838
93.3838
93.3838
93.3838
93.3838
93.3838
93.3838
93.3838
93.3838
93.3838
93.3838
93.3838
93.3838
93.3838
93.3838
93.3838
93.3838
93.3838
91.5527
91.5527
91.5527
91.5527
91.5527
91.5527
91.5527
91.5527
91.5527
91.5527
91.5527
91.5527
91.5527
91.5527
91.5527
91.5527
91.5527
91.5527
91.5527
91.5527
91.5527
91.5527
89.7217
89.7217
89.7217
89.7217
89.7217
89.7217
89.7217
89.7217
89.7217
89.7217
89.7217
89.7217
89.7217
89.7217
89.7217
91.5527
91.5527
91.5527
91.5527
91.5527
91.5527
91.5527
91.5527
91.5527
91.5527
91.5527
91.5527
91.5527
91.5527
91.5527
91.5527
91.5527
91.5527
91.5527
91.5527
91.5527
91.5527
91.5527
91.5527
93.3838
75.0732
106.201
42.1143
40.2832
25.6348
25.6348
25.6348
91.5527
91.5527
93.3838
93.3838
93.3838
93.3838
93.3838
93.3838
91.5527
91.5527
91.5527
91.5527
91.5527
91.5527
91.5527
91.5527
91.5527
91.5527
91.5527
91.5527
91.5527
91.5527
91.5527
91.5527
91.5527
91.5527
91.5527
91.5527
91.5527
91.5527
91.5527
91.5527
91.5527
91.5527
89.7217
89.7217
91.5527
89.7217
89.7217
89.7217
91.5527
91.5527
91.5527
91.5527
91.5527
91.5527
91.5527
91.5527
91.5527
91.5527
91.5527
91.5527
91.5527
91.5527
91.5527
91.5527
91.5527
91.5527
91.5527
91.5527
91.5527
91.5527
91.5527
91.5527
91.5527
91.5527
91.5527
91.5527
91.5527
91.5527
91.5527
91.5527
91.5527
91.5527
91.5527
91.5527
91.5527
91.5527
91.5527
91.5527
91.5527
91.5527
91.5527
91.5527
91.5527
91.5527
91.5527
91.5527
91.5527
91.5527
91.5527
91.5527
91.5527
91.5527
91.5527
91.5527
91.5527
91.5527
91.5527
89.7217
89.7217
89.7217
89.7217
89.7217
89.7217
89.7217
89.7217
89.7217
89.7217
89.7217
89.7217
91.5527
91.5527
91.5527
91.5527
91.5527
91.5527
91.5527
91.5527
91.5527
91.5527
91.5527
91.5527
91.5527
91.5527
91.5527
89.7217
89.7217
89.7217
91.5527
91.5527
91.5527
91.5527
91.5527
91.5527
91.5527
91.5527
91.5527
91.5527
91.5527
91.5527
91.5527
91.5527
91.5527
91.5527
91.5527
91.5527
91.5527
91.5527
91.5527
91.5527
91.5527
91.5527
91.5527
91.5527
91.5527
91.5527
91.5527
91.5527
91.5527
91.5527
91.5527
91.5527
91.5527
91.5527
91.5527
91.5527
91.5527
91.5527
91.5527
91.5527
91.5527
91.5527
91.5527
91.5527
91.5527
91.5527
91.5527
91.5527
91.5527
91.5527
91.5527
91.5527
91.5527
91.5527
91.5527
91.5527
91.5527
91.5527
91.5527
91.5527
91.5527
91.5527
91.5527
91.5527
91.5527
91.5527
91.5527
91.5527
91.5527
91.5527
91.5527
91.5527
91.5527
91.5527
91.5527
91.5527
91.5527
91.5527
91.5527
91.5527
91.5527
91.5527
91.5527
91.5527
91.5527
91.5527
91.5527
91.5527
91.5527
91.5527
91.5527
91.5527
91.5527
91.5527
91.5527
91.5527
91.5527
91.5527
89.7217
91.5527
91.5527
91.5527
91.5527
91.5527
91.5527
91.5527
91.5527
91.5527
91.5527
91.5527
91.5527
91.5527
91.5527
91.5527
91.5527
91.5527
91.5527
91.5527
91.5527
91.5527
91.5527
91.5527
91.5527
91.5527
91.5527
91.5527
91.5527
91.5527
91.5527
91.5527
91.5527
91.5527
91.5527
91.5527
91.5527
91.5527
91.5527
91.5527
91.5527
91.5527
91.5527
91.5527
91.5527
91.5527
91.5527
91.5527
91.5527
91.5527
91.5527
91.5527
91.5527
91.5527
89.7217
89.7217
89.7217
89.7217
89.7217
89.7217
89.7217
89.7217
89.7217
89.7217
89.7217
89.7217
89.7217
89.7217
89.7217
89.7217
89.7217
89.7217
89.7217
89.7217
89.7217
89.7217
89.7217
89.7217
89.7217
89.7217
91.5527
91.5527
91.5527
91.5527
91.5527
91.5527
91.5527
91.5527
89.7217
89.7217
91.5527
91.5527
91.5527
91.5527
91.5527
91.5527
91.5527
91.5527
91.5527
91.5527
89.7217
89.7217
89.7217
89.7217
89.7217
89.7217
89.7217
89.7217
89.7217
89.7217
89.7217
89.7217
89.7217
89.7217
89.7217
89.7217
91.5527
91.5527
91.5527
91.5527
91.5527
91.5527
91.5527
89.7217
91.5527
91.5527
91.5527
91.5527
91.5527
91.5527
91.5527
91.5527
91.5527
91.5527
91.5527
91.5527
91.5527
89.7217
89.7217
89.7217
89.7217
89.7217
89.7217
89.7217
89.7217
89.7217
89.7217
89.7217
89.7217
89.7217
91.5527
91.5527
95.2148
