82.3271
85.5809
94.3936
93.8478
96.3597
94.3936
94.9367
94.7187
94.4386
93.9636
94.0439
96.0512
94.0707
94.7368
93.3258
94.0439
94.1781
94.4386
96.0512
93.9636
94.9367
93.8567
93.9457
93.5374
93.4579
93.2203
92.9752
92.8009
92.5926
94.3396
92.1788
93.8478
91.6667
93.0714
91.5649
92.4974
91.8708
92.0759
91.6667
91.7686
91.6667
91.4634
91.4634
91.3621
91.5649
91.3621
94.1423
91.1602
93.75
90.859
93.2642
90.2626
90.1639
90.0655
92.5926
89.8693
90.1639
89.9673
92.7835
90.1639
92.8793
90.5598
92.688
90.3614
92.688
90.4605
92.3077
91.2611
92.3077
91.0596
92.3077
91.4634
92.0759
91.4634
91.3621
91.0596
91.2611
90.9592
91.1602
91.0596
91.0596
91.3621
91.3621
91.3621
91.8708
99.4475
100.856
90.6593
83.612
77.4793
70.2576
67.4916
72.8155
67.1892
72.7371
67.3653
68.8073
55.7325
65.7895
78.3699
70.6067
85.8124
86.478
101.726
101.036
101.81
101.036
100.223
92.0245
94.2857
92.3852
92.3852
91.1602
94.3396
91.7686
94.0439
89.2857
93.8478
91.4634
92.7835
91.1602
92.4025
91.2611
92.1187
91.0596
91.6667
91.1602
91.4634
91.1602
91.0596
90.9592
91.1602
90.5598
90.3614
90.9592
90.5598
90.6593
90.859
90.5598
91.0596
93.8478
90.9592
93.4579
91.6667
93.0714
91.9732
93.0714
92.3852
92.688
91.7686
92.0245
92.0759
91.5649
91.7686
91.2611
94.6372
91.4634
91.3621
91.0596
93.8478
91.0596
93.361
91.1602
92.7835
91.2611
92.688
91.3621
92.5926
91.3621
92.0245
91.5649
91.7686
91.1602
91.4634
91.2611
91.5649
92.0759
91.4634
91.5649
91.6667
94.3396
91.4634
93.9457
90.5598
93.1677
91.0596
92.9752
91.2611
92.688
90.859
92.5926
100.897
99.6933
100.111
99.6933
99.4475
100.111
99.2282
95.6429
90.6593
90.4605
90.4605
90.4605
90.2626
90.5598
90.5598
90.3614
90.7591
90.6593
93.9457
90.9592
91.0596
91.2611
93.6524
90.9592
93.2642
91.4634
92.9752
91.1602
92.7835
90.9592
92.4025
90.859
92.0759
90.6593
91.7686
90.5598
91.7686
90.7591
91.5649
90.9592
91.2611
90.859
91.1602
91.1602
91.1602
91.1602
90.859
91.1602
91.4634
91.0596
91.5649
91.2611
91.2611
93.5551
91.3621
93.1677
91.5649
92.8793
91.2611
92.4974
91.4634
92.1187
91.6667
92.0245
91.3621
91.5649
91.5649
91.1602
91.5649
91.1602
91.3621
91.4634
91.3621
91.0596
93.8478
91.0596
93.4579
91.3621
93.2642
91.3621
92.7835
91.4634
92.4974
91.5649
92.2131
91.2611
91.7686
91.0596
91.3621
91.3621
91.4634
91.1602
91.4634
91.0596
91.5649
91.4634
90.9592
93.75
91.2611
93.2642
91.2611
93.1677
91.1602
92.7835
91.2611
92.4974
91.4634
92.1187
91.2611
91.8708
91.1602
91.3621
91.3621
91.1602
90.3614
91.2611
90.859
91.2611
91.2611
91.0596
91.1602
91.1602
93.6524
91.6667
93.361
91.6667
92.9752
91.6667
92.5926
92.8009
92.3077
91.4634
91.5649
90.9592
91.1602
91.2611
90.0655
94.4386
99.3377
99.5575
101.466
109.948
108.093
109.489
107.379
101.036
100
101.036
95.037
92.688
91.1602
92.1187
90.859
92.0245
90.859
91.8708
90.9592
91.6667
91.4634
91.6667
91.8708
91.9732
91.4634
91.3621
91.4634
91.5649
91.0596
91.1602
93.5551
91.0596
93.1677
91.1602
92.8793
91.1602
92.7835
91.2611
92.4974
90.6593
91.9732
91.2611
91.7686
91.1602
91.4634
91.0596
91.5649
91.4634
91.0596
91.3621
91.0596
90.7591
90.6593
90.5598
89.8693
89.9673
89.2857
89.4794
89.4794
89.3824
89.4794
89.3824
89.6739
89.3824
89.9673
89.5765
90.0655
90.1639
90.2626
90.5598
90.5598
90.3614
90.5598
90.6593
90.2626
90.5598
90.2626
90.4605
91.6667
101.351
100
101.351
99.889
101.246
100
100.723
95.8466
92.1788
90.9592
92.1187
91.0596
91.9732
91.2611
91.7686
91.1602
91.2611
90.6593
91.0596
90.4605
90.6593
90.3614
90.4605
89.9673
90.5598
89.8693
90.5598
90.1639
90.4605
90.1639
90.5598
90.2626
90.7591
90.859
90.6593
90.859
90.859
90.6593
90.9592
91.0596
90.7591
93.5551
90.6593
93.361
91.0596
92.7835
91.0596
92.8793
91.2611
92.7835
91.1602
92.3077
91.1602
92.0245
90.6593
91.7686
90.4605
91.6667
90.7591
91.2611
90.2626
91.2611
90.2626
91.3621
90.0655
89.6414
89.955
90
90.1442
90
90.9091
90.9091
