81.8777
83.7469
68.4932
71.6235
78.5797
74.4417
75.0939
59.4564
82.8729
79.4118
67.4157
84.375
71.6561
85.2273
71.3436
68.0272
75
69.8758
86.0969
63.7136
68.0272
84.375
69.8035
87.8906
74.3494
76.4439
84.375
79.9087
70.0935
77.1429
73.5294
72.904
49.5595
82.6446
70.5882
66.1521
73.5294
66.6667
87.0968
73.5294
63.101
90.9704
90.0901
80.1068
85.7143
63.1769
81.8182
57.3144
83.682
62.4257
65.5022
79.2602
77.8932
68.5379
74.2574
70.7547
72.0288
56.7568
83.5655
62.5
66.0793
79.3651
78.0089
68.5379
74.1656
72.0288
72.1154
57.377
82.6446
70.5882
66.1521
80.1068
62.5
76.6284
73.4394
58.3333
70.0935
66.8648
70.8502
77.8547
72.1154
72.8155
57.8194
84.507
63.0252
69.2042
90
89.955
78.329
74.2574
70.6714
94.5776
77.7778
77.187
95.339
92.0873
105.364
69.2308
109.4
91.0931
84.375
103.254
53.791
69.2612
75
63.7136
82.7206
78.8288
80.8625
86.2069
72.8155
92.8218
78.2881
105.634
81.0324
83.3333
100.134
69.1598
79.0514
83.5396
72.1154
91.0194
78.8288
80.8625
77.8547
63.7136
80.1068
61.9835
85.7143
72.8155
58.3333
89.1678
89.153
80.1068
85.7143
72.1154
81.8182
56.8182
84.6262
72.7273
66.0793
79.2602
77.8932
69.2612
76.3575
73.5294
72.8155
50
81.8554
78.6713
63.791
82.7206
69.7314
86.0969
72.8155
66.7408
80.1068
78.8288
70.0935
77.1429
72.1154
81.8182
65.5022
92.9752
61.8375
74.4212
101.215
61.4754
77.4194
82.7206
75.0834
83.4363
67.5676
70.7547
77.8547
72.2022
69.3527
49.1266
74.1525
72.8155
66.1521
70.8502
67.5676
69.2612
76.3575
72.8155
72.1154
49.5595
82.6446
70.5882
66.1521
80.2139
62.5
77.4194
73.4394
66.6667
74.2574
67.6692
70
77.1429
71.4286
63.6364
57.2519
84.7458
72.1154
65.5738
80.1068
77.8932
70.0935
77.1429
72.8155
72.1154
57.3144
83.5655
62.4257
74.3392
89.2857
61.4754
78.2269
83.4363
81.2274
91.0194
65.4308
91.9619
69.9301
63.101
90.1202
62.5
67.7419
73.4394
66.6667
80.1068
78.8288
80.8625
77.8547
72.2022
82.6193
62.1118
84.7458
72.1154
66.1521
79.2602
77.8932
69.3527
76.4439
72.8155
72.8155
57.8194
82.6446
70.5882
66.1521
79.3651
54.6306
67.7419
73.4394
66.6667
74.2574
67.6692
70.8502
77.8547
72.8155
72.8155
57.3144
84.6262
63.101
66.6667
80.2139
78.9474
69.2612
74.2574
71.4286
81.9175
65.5738
92.9752
79.4118
66.7408
82.6193
69.7314
86.2069
72.8155
66.1521
89.2857
89.153
80.1068
77.1429
72.1154
81.8182
57.3144
83.5655
62.4257
66.0793
80.2139
53.791
68.5379
74.1656
72.2022
72.8155
49.5595
81.8554
78.6713
63.7136
81.8182
69.7314
85.9873
72.0288
65.5022
80.1068
78.8288
70.0935
77.1429
72.1154
72.8155
57.3144
83.5655
71.3436
66.1521
80.2139
53.791
68.4485
75.6726
67.8733
74.2574
68.4932
70.8502
77.9446
72.1154
70.0935
48.6486
75
72.8155
66.6667
70.0935
50
80.1068
77.1429
71.4286
81.9175
57.8194
83.3333
70.6714
66.0793
79.2602
54.1796
67.7419
73.4394
62.4257
82.6193
77.8932
81.7439
78.5797
64.3382
81.9175
62.1118
84.7458
63.1769
66.1521
80.9717
78.8288
69.3527
75
72.1154
81.9175
65.5022
92.9752
61.8375
66.1521
91.0931
54.1796
67.7419
73.4394
66.6667
83.4363
78.8288
80.9717
77.9446
72.2022
82.7206
62.1118
84.7458
63.101
66.0793
79.2602
77.8932
69.3527
75
71.3436
71.3436
56.2701
83.7989
71.4286
64.9351
88.2353
87.9765
80
85.7143
71.3436
81.0324
56.7568
84.7458
72.1154
66.0793
79.2602
77.0925
70.0935
77.1429
72.1154
72.1154
67.5676
73.2218
62.5
74.4212
80.2139
54.2355
73.2218
80.1663
77.2311
91.7993
78.8288
81.7439
69.9301
72.1154
79.2602
54.2355
75
72.7273
61.8375
70
66.7656
70.7547
77.8547
62.5
63.0252
57.2519
85.7143
72.7273
74.3392
79.2602
77.8932
70
77.1429
71.5137
72.8155
57.3144
84.6262
63.0252
66.0793
79.2602
77.8932
69.3527
75
71.4286
72.7273
56.8182
83.5655
62.4257
66.1521
80.2139
53.791
68.4485
74.1656
66.6667
73.4394
56.8182
81.6327
69.8487
72.1154
79.2602
61.9195
67.0498
72.7273
65.5022
69.3527
49.0731
64.2123
64.2123
60
53.9568
48.3871
48.3871
48.3871
